1 2777
1 5386
1 2362
1 7763
1 5736
3
1 5368
1 6429
1 1530
1 5123
1 9802
1 8456
1 8042
1 7373
1 4919
1 8537
1 4370
1 3526
1 8980
1 9170
1 7281
1 925
1 6505
1 1729
1 5857
1 3895
1 545
1 364
1 7178
1 2651
1 2399
1 12
1 8586
1 570
1 6601
1 280
1 9441
1 9689
1 6619
1 4729
1 8117
1 7856
1 2353
1 6965
1 4683
1 8624
1 2871
1 8829
1 19
1 723
1 2245
1 3451
1 3555
1 7488
1 8228
3
1 5856
1 6491
1 8365
1 2551
1 9228
1 6121
1 4395
1 1237
3
1 4428
1 6840
1 7743
1 2183
1 5499
1 6725
1 5590
1 9786
1 8464
1 9507
1 8804
1 7343
1 3810
1 3730
1 3258
1 7637
1 2036
1 1899
1 7131
1 163
1 3773
1 9668
1 7684
1 9107
1 9756
1 9412
1 2172
1 2009
1 7372
1 1255
1 4599
1 9904
1 6228
1 9150
1 9224
1 7269
1 4081
1 84
1 1972
1 3850
1 9299
1 713
1 6190
1 8581
1 4769
1 7255
3
1 5884
1 9567
1 2754
1 4259
1 3506
1 2021
1 5189
1 9908
1 498
1 8808
1 6248
1 9754
1 1746
1 8046
1 6990
1 3033
1 4892
1 3996
1 9188
1 3729
1 3921
1 6304
1 8027
1 6748
1 8902
1 7697
1 1043
1 2002
1 6403
1 2134
1 6127
1 5629
1 6429
1 6335
1 2900
3
1 289
1 7988
1 3144
1 4232
1 6761
1 6367
1 4234
1 1626
1 3529
1 2290
1 8593
1 8627
1 1886
1 8355
1 8969
1 2274
1 7888
1 4566
3
1 7284
1 417
1 2260
1 237
1 3059
1 783
1 483
1 5729
1 3459
1 1233
1 1839
1 8363
1 9847
1 9390
1 5115
1 2951
1 5021
3
1 3740
3
1 4030
1 3002
1 6139
1 4580
1 5379
1 9759
1 9744
1 3950
1 5105
1 49
1 7375
1 3614
1 3768
1 4918
3
1 6882
1 4030
3
1 1574
1 6593
1 4713
1 235
1 5691
1 3943
1 6328
1 4018
1 6836
1 5055
1 3858
1 2661
1 3073
1 6851
1 6503
1 9006
1 1120
1 7677
1 3981
3
1 7560
1 3518
1 6342
1 5196
1 7321
1 4427
1 72
3
1 5830
3
1 347
1 2030
1 7522
1 6924
1 9204
1 5486
1 262
1 9848
1 9122
1 7457
1 5218
1 3959
1 2806
1 2698
1 6376
1 2715
1 5171
1 4010
3
1 6539
1 3378
1 5053
1 9114
3
1 5989
1 8067
1 5223
1 3875
1 179
1 1131
1 9181
1 9415
1 3181
1 415
1 2297
1 5776
1 2587
1 3382
1 8860
1 9211
1 930
1 1476
1 5820
1 7643
1 6621
1 4225
1 4570
1 7722
1 9126
1 2071
1 3149
1 6610
1 8577
1 8976
1 4552
1 99
1 7017
3
1 2735
1 1298
1 5805
1 2528
1 9593
1 2197
1 9672
1 2325
1 5421
1 9334
1 8159
1 2957
1 2972
1 7716
1 1850
1 5482
1 6217
1 6506
1 6364
1 8263
1 3537
1 8828
1 5856
1 8341
1 5352
1 5511
3
1 4112
3
1 4667
1 1489
1 9875
1 6141
1 636
1 2760
1 6814
1 4314
1 1535
1 109
1 4673
1 9355
3
1 2933
1 3286
1 5358
1 2181
1 3990
3
1 9954
1 8364
1 5624
1 5844
1 1238
1 4976
1 19
1 6343
1 2475
1 8011
1 6912
1 6868
1 5002
1 9207
3
1 5216
1 7472
1 8957
1 3418
1 5474
1 5393
1 5948
3
1 9559
1 6424
1 4280
1 3480
1 4140
1 431
1 4220
1 7690
1 8743
1 2386
1 5710
1 2351
1 7330
1 7515
1 3881
1 5634
3
1 4387
1 9643
1 139
1 2063
1 5269
1 435
3
1 2450
1 4802
1 5562
1 6911
1 9829
1 8816
1 3605
1 6579
1 1528
1 4447
1 4045
1 5551
1 1386
1 4794
3
1 6092
1 8437
1 9484
3
1 6312
1 9017
1 5165
1 1608
1 1745
1 559
1 172
3
1 5812
1 5186
1 5568
1 6141
1 6202
1 1631
1 4683
1 7540
1 8972
3
1 634
1 5725
3
1 952
1 5472
1 3339
3
1 7661
1 7542
3
1 2339
1 5344
1 3292
1 1876
1 1990
1 635
1 570
1 2540
1 801
1 5609
1 6440
1 2606
1 4523
1 4349
1 2530
1 9591
1 2407
3
1 7131
1 4919
1 9053
1 8427
1 7581
3
1 2438
1 7394
1 4680
1 8752
1 4098
1 9010
1 4425
1 4978
1 6748
1 1086
1 5159
1 1900
1 3003
1 5951
3
1 2906
1 6784
1 3633
1 6560
1 897
1 8329
1 2634
1 8775
1 4986
1 7409
1 2833
1 7776
1 9613
1 6508
1 9416
1 1982
1 3540
1 8826
1 7565
1 9499
1 1546
3
1 3842
1 9810
1 869
1 5815
1 8696
1 3037
1 4088
1 8620
1 3293
1 6942
1 1996
1 6487
1 3332
1 5950
1 1633
1 5444
1 751
1 6465
1 9683
1 8977
1 5014
1 3391
1 9587
1 7836
1 3439
1 8371
3
1 8534
1 4697
1 5490
3
1 2132
1 529
1 1690
3
1 8147
1 2349
1 6422
1 1968
1 936
3
1 8260
1 5220
1 7127
1 2728
3
1 9170
1 2798
1 9563
1 8616
1 8223
1 7035
1 1862
1 1929
1 3044
3
1 2280
1 4209
1 9747
1 2366
1 3759
1 1742
1 9401
1 2958
1 4422
1 9090
1 6071
1 2603
1 8320
1 9942
1 12
1 3807
1 5358
1 2894
1 2626
1 8865
1 3421
1 9409
1 5400
1 2786
1 6356
1 4410
1 6631
1 6128
3
1 3446
1 7458
1 10
1 1867
1 926
1 3705
3
1 3832
3
1 2497
1 2538
1 5139
1 7470
1 8542
1 2533
1 1485
3
1 647
1 5063
1 3320
1 538
1 1492
1 8422
1 7685
1 8094

1 885
1 4815
1 4472
1 3160
1 9101
3
1 6542
1 4810
1 8339
1 436
1 1894
1 2939
3
1 6398
1 5133
1 3188
1 9323
3
2 2777
2 5386
2 2362
2 7763
2 5736
3
2 5368
2 6429
2 1530
2 5123
2 9802
2 8456
2 8042
2 7373
2 4919
2 8537
2 4370
2 3526
2 8980
2 9170
2 7281
2 925
2 6505
2 1729
2 5857
2 3895
2 545
2 364
2 7178
2 2651
2 2399
2 12
2 8586
2 570
2 6601
2 280
2 9441
2 9689
2 6619
2 4729
2 8117
2 7856
2 2353
2 6965
2 4683
2 8624
2 2871
2 8829
2 19
2 723
2 2245
2 3451
2 3555
2 7488
2 8228
3
2 5856
2 6491
2 8365
2 2551
2 9228
2 6121
2 4395
2 1237
3
2 4428
2 6840
2 7743
2 2183
2 5499
2 6725
2 5590
2 9786
2 8464
2 9507
2 8804
2 7343
2 3810
2 3730
2 3258
2 7637
2 2036
2 1899
2 7131
2 163
2 3773
2 9668
2 7684
2 9107
2 9756
2 9412
2 2172
2 2009
2 7372
2 1255
2 4599
2 9904
2 6228
2 9150
2 9224
2 7269
2 4081
2 84
2 1972
2 3850
2 9299
2 713
2 6190
2 8581
2 4769
2 7255
3
2 5884
2 9567
2 2754
2 4259
2 3506
2 2021
2 5189
2 9908
2 498
2 8808
2 6248
2 9754
2 1746
2 8046
2 6990
2 3033
2 4892
2 3996
2 9188
2 3729
2 3921
2 6304
2 8027
2 6748
2 8902
2 7697
2 1043
2 2002
2 6403
2 2134
2 6127
2 5629
2 6429
2 6335
2 2900
3
2 289
2 7988
2 3144
2 4232
2 6761
2 6367
2 4234
2 1626
2 3529
2 2290
2 8593
2 8627
2 1886
2 8355
2 8969
2 2274
2 7888
2 4566
3
2 7284
2 417
2 2260
2 237
2 3059
2 783
2 483
2 5729
2 3459
2 1233
2 1839
2 8363
2 9847
2 9390
2 5115
2 2951
2 5021
3
2 3740
3
2 4030
2 3002
2 6139
2 4580
2 5379
2 9759
2 9744
2 3950
2 5105
2 49
2 7375
2 3614
2 3768
2 4918
3
2 6882
2 4030
3
2 1574
2 6593
2 4713
2 235
2 5691
2 3943
2 6328
2 4018
2 6836
2 5055
2 3858
2 2661
2 3073
2 6851
2 6503
2 9006
2 1120
2 7677
2 3981
3
2 7560
2 3518
2 6342
2 5196
2 7321
2 4427
2 72
3
2 5830
3
2 347
2 2030
2 7522
2 6924
2 9204
2 5486
2 262
2 9848
2 9122
2 7457
2 5218
2 3959
2 2806
2 2698
2 6376
2 2715
2 5171
2 4010
3
2 6539
2 3378
2 5053
2 9114
3
2 5989
2 8067
2 5223
2 3875
2 179
2 1131
2 9181
2 9415
2 3181
2 415
2 2297
2 5776
2 2587
2 3382
2 8860
2 9211
2 930
2 1476
2 5820
2 7643
2 6621
2 4225
2 4570
2 7722
2 9126
2 2071
2 3149
2 6610
2 8577
2 8976
2 4552
2 99
2 7017
3
2 2735
2 1298
2 5805
2 2528
2 9593
2 2197
2 9672
2 2325
2 5421
2 9334
2 8159
2 2957
2 2972
2 7716
2 1850
2 5482
2 6217
2 6506
2 6364
2 8263
2 3537
2 8828
2 5856
2 8341
2 5352
2 5511
3
2 4112
3
2 4667
2 1489
2 9875
2 6141
2 636
2 2760
2 6814
2 4314
2 1535
2 109
2 4673
2 9355
3
2 2933
2 3286
2 5358
2 2181
2 3990
3
2 9954
2 8364
2 5624
2 5844
2 1238
2 4976
2 19
2 6343
2 2475
2 8011
2 6912
2 6868
2 5002
2 9207
3
2 5216
2 7472
2 8957
2 3418
2 5474
2 5393
2 5948
3
2 9559
2 6424
2 4280
2 3480
2 4140
2 431
2 4220
2 7690
2 8743
2 2386
2 5710
2 2351
2 7330
2 7515
2 3881
2 5634
3
2 4387
2 9643
2 139
2 2063
2 5269
2 435
3
2 2450
2 4802
2 5562
2 6911
2 9829
2 8816
2 3605
2 6579
2 1528
2 4447
2 4045
2 5551
2 1386
2 4794
3
2 6092
2 8437
2 9484
3
2 6312
2 9017
2 5165
2 1608
2 1745
2 559
2 172
3
2 5812
2 5186
2 5568
2 6141
2 6202
2 1631
2 4683
2 7540
2 8972
3
2 634
2 5725
3
2 952
2 5472
2 3339
3
2 7661
2 7542
3
2 2339
2 5344
2 3292
2 1876
2 1990
2 635
2 570
2 2540
2 801
2 5609
2 6440
2 2606
2 4523
2 4349
2 2530
2 9591
2 2407
3
2 7131
2 4919
2 9053
2 8427
2 7581
3
2 2438
2 7394
2 4680
2 8752
2 4098
2 9010
2 4425
2 4978
2 6748
2 1086
2 5159
2 1900
2 3003
2 5951
3
2 2906
2 6784
2 3633
2 6560
2 897
2 8329
2 2634
2 8775
2 4986
2 7409
2 2833
2 7776
2 9613
2 6508
2 9416
2 1982
2 3540
2 8826
2 7565
2 9499
2 1546
3
2 3842
2 9810
2 869
2 5815
2 8696
2 3037
2 4088
2 8620
2 3293
2 6942
2 1996
2 6487
2 3332
2 5950
2 1633
2 5444
2 751
2 6465
2 9683
2 8977
2 5014
2 3391
2 9587
2 7836
2 3439
2 8371
3
2 8534
2 4697
2 5490
3
2 2132
2 529
2 1690
3
2 8147
2 2349
2 6422
2 1968
2 936
3
2 8260
2 5220
2 7127
2 2728
3
2 9170
2 2798
2 9563
2 8616
2 8223
2 7035
2 1862
2 1929
2 3044
3
2 2280
2 4209
2 9747
2 2366
2 3759
2 1742
2 9401
2 2958
2 4422
2 9090
2 6071
2 2603
2 8320
2 9942
2 12
2 3807
2 5358
2 2894
2 2626
2 8865
2 3421
2 9409
2 5400
2 2786
2 6356
2 4410
2 6631
2 6128
3
2 3446
2 7458
2 10
2 1867
2 926
2 3705
3
2 3832
3
2 2497
2 2538
2 5139
2 7470
2 8542
2 2533
2 1485
3
2 647
2 5063
2 3320
2 538
2 1492
2 8422
2 7685
2 8094

2 885
2 4815
2 4472
2 3160
2 9101
3
2 6542
2 4810
2 8339
2 436
2 1894
2 2939
3
2 6398
2 5133
2 3188
2 9323
3
